--------------------------------------------------
--------------------------------------------------
---------------------------------oo---------------
--------------------------------------------------
--------------------------------------------------
------oo-----S--------------------------SSSSS-----
--------------------------------------------------
--------------------------------------------------
-----------------------------E--o-----------------
----------------H-----------<>-------S------------
----------------H-----------[]--------------------
----------------HH----------[]----------------}---
-----{------E---HH---EE-----[]---------------HH---
XXXXXXXXXXXXXXXXXXXXXXXXXXXXXXXXXXXXXXXXXXXXXXXXXX
META {"type": "solver", "id": "pysat-gluecard41", "objective": 0}
META {"type": "geom", "shape": "path", "group": "path", "data": [[12, 5, 8, 6], [8, 6, 9, 6], [9, 6, 10, 6], [10, 6, 11, 6], [11, 6, 12, 6], [12, 6, 8, 7], [8, 7, 9, 8], [9, 8, 10, 8], [10, 8, 11, 8], [11, 8, 12, 8], [12, 8, 8, 9], [8, 9, 9, 9], [9, 9, 10, 9], [10, 9, 11, 10], [11, 10, 12, 9], [12, 9, 9, 11], [9, 11, 10, 12], [10, 12, 11, 11], [11, 11, 12, 12], [12, 12, 8, 16], [8, 16, 8, 17], [8, 17, 9, 17], [9, 17, 10, 17], [10, 17, 6, 21], [6, 21, 7, 22], [7, 22, 8, 21], [8, 21, 9, 21], [9, 21, 10, 22], [10, 22, 11, 23], [11, 23, 12, 24], [12, 24, 8, 28], [8, 28, 4, 32], [4, 32, 5, 32], [5, 32, 6, 31], [6, 31, 7, 30], [7, 30, 8, 29], [8, 29, 4, 33], [4, 33, 5, 34], [5, 34, 6, 35], [6, 35, 7, 36], [7, 36, 8, 36], [8, 36, 9, 35], [9, 35, 10, 35], [10, 35, 11, 35], [11, 35, 12, 36], [12, 36, 8, 37], [8, 37, 6, 36], [6, 36, 7, 37], [7, 37, 8, 38], [8, 38, 9, 38], [9, 38, 10, 37], [10, 37, 11, 37], [11, 37, 12, 38], [12, 38, 9, 41], [9, 41, 10, 42], [10, 42, 11, 42], [11, 42, 12, 43], [12, 43, 8, 47], [8, 47, 9, 48], [9, 48, 10, 48], [10, 48, 11, 49], [11, 49, 12, 49], [12, 49, 12, 48], [12, 48, 10, 46], [10, 46, 11, 46]]}
META {"type": "geom", "shape": "tile", "group": "path", "data": [[12, 5], [11, 5], [10, 5], [9, 5], [8, 5], [8, 6], [9, 6], [10, 6], [11, 6], [12, 6], [11, 6], [10, 6], [9, 6], [8, 6], [8, 7], [9, 7], [9, 8], [10, 8], [11, 8], [12, 8], [11, 8], [10, 8], [9, 8], [8, 8], [8, 9], [9, 9], [10, 9], [11, 9], [11, 10], [12, 10], [12, 9], [11, 9], [11, 10], [10, 10], [10, 11], [9, 11], [10, 11], [10, 12], [11, 12], [11, 11], [12, 11], [12, 12], [11, 12], [11, 13], [10, 13], [10, 14], [9, 14], [9, 15], [8, 15], [8, 16], [8, 17], [9, 17], [10, 17], [9, 17], [9, 18], [8, 18], [8, 19], [7, 19], [7, 20], [6, 20], [6, 21], [7, 21], [7, 22], [8, 22], [8, 21], [9, 21], [10, 21], [10, 22], [11, 22], [11, 23], [12, 23], [12, 24], [11, 24], [11, 25], [10, 25], [10, 26], [9, 26], [9, 27], [8, 27], [8, 28], [7, 28], [7, 29], [6, 29], [6, 30], [5, 30], [5, 31], [4, 31], [4, 32], [5, 32], [6, 32], [6, 31], [7, 31], [7, 30], [8, 30], [8, 29], [7, 29], [7, 30], [6, 30], [6, 31], [5, 31], [5, 32], [4, 32], [4, 33], [5, 33], [5, 34], [6, 34], [6, 35], [7, 35], [7, 36], [8, 36], [9, 36], [9, 35], [10, 35], [11, 35], [12, 35], [12, 36], [11, 36], [10, 36], [9, 36], [8, 36], [8, 37], [7, 37], [7, 36], [6, 36], [7, 36], [7, 37], [8, 37], [8, 38], [9, 38], [10, 38], [10, 37], [11, 37], [12, 37], [12, 38], [11, 38], [11, 39], [10, 39], [10, 40], [9, 40], [9, 41], [10, 41], [10, 42], [11, 42], [12, 42], [12, 43], [11, 43], [11, 44], [10, 44], [10, 45], [9, 45], [9, 46], [8, 46], [8, 47], [9, 47], [9, 48], [10, 48], [11, 48], [11, 49], [12, 49], [12, 48], [11, 48], [11, 47], [10, 47], [10, 46], [11, 46]]}
META {"type": "geom", "shape": "line", "group": "offpath", "data": [[0, 41, 1, 42], [0, 40, 1, 40], [10, 3, 11, 2], [10, 45, 11, 45], [10, 0, 11, 0], [10, 41, 11, 40], [10, 2, 11, 1], [10, 47, 11, 48], [10, 30, 11, 30], [10, 40, 11, 39], [10, 5, 11, 4], [10, 21, 11, 20], [10, 7, 11, 7], [10, 44, 11, 43], [11, 3, 12, 4], [11, 45, 7, 46], [11, 0, 12, 0], [11, 43, 12, 44], [11, 2, 12, 1], [11, 39, 12, 39], [11, 30, 12, 30], [11, 48, 12, 47], [11, 40, 12, 41], [11, 1, 12, 2], [11, 13, 12, 13], [11, 20, 12, 19], [11, 22, 12, 22], [11, 7, 12, 7], [11, 4, 12, 3], [12, 3, 11, 3], [12, 0, 8, 4], [12, 41, 8, 41], [12, 2, 8, 1], [12, 39, 8, 39], [12, 47, 9, 45], [12, 23, 11, 22], [12, 30, 9, 30], [12, 1, 8, 0], [12, 13, 11, 13], [12, 19, 10, 21], [12, 22, 12, 23], [12, 7, 10, 7], [12, 44, 8, 43], [12, 4, 9, 4], [1, 42, 2, 42], [1, 40, 2, 40], [1, 44, 2, 43], [4, 41, 1, 44], [4, 43, 3, 42], [4, 42, 2, 44], [4, 40, 0, 41], [4, 44, 0, 40], [9, 3, 10, 2], [9, 45, 10, 45], [9, 43, 10, 44], [9, 2, 10, 3], [9, 39, 10, 40], [9, 47, 10, 47], [9, 30, 10, 30], [9, 40, 10, 41], [9, 1, 10, 0], [9, 4, 10, 5], [2, 43, 3, 44], [2, 42, 3, 41], [2, 40, 3, 40], [2, 44, 3, 45], [7, 46, 8, 46], [8, 0, 9, 1], [8, 41, 9, 40], [8, 43, 9, 43], [8, 39, 9, 39], [8, 46, 9, 47], [8, 1, 9, 2], [8, 4, 9, 3], [3, 45, 4, 44], [3, 41, 4, 40], [3, 42, 4, 42], [3, 40, 4, 41], [3, 44, 4, 43]]}
