--------------------------------------------------
--------------------------------------------------
---------------------------------oo---------------
-------------o------------------XXXX--------------
-------------------------oo---------------XXX-----
----------SSS-------------------------------------
-------------------------------------XXXX---------
--------------------------------------------------
--------------------------------------------------
--------------------------------------------------
----------------E-----H-------H-------------------
---------------<>-----H-------H---------------}---
-----{---------[]-----H-------H-------EE------HH--
XXXXXXXXXXXXXXXXXXXXXXXXXXXXXXX--XXXXXXXXXXXXXXXXX
META {"type": "solver", "id": "clingo-be", "objective": 0}
META {"type": "geom", "shape": "path", "group": "path", "data": [[12, 5, 9, 2], [9, 2, 10, 1], [10, 1, 11, 0], [11, 0, 12, 0], [12, 0, 8, 3], [8, 3, 9, 3], [9, 3, 10, 2], [10, 2, 11, 3], [11, 3, 12, 2], [12, 2, 8, 5], [8, 5, 9, 4], [9, 4, 10, 4], [10, 4, 11, 5], [11, 5, 12, 4], [12, 4, 10, 3], [10, 3, 11, 4], [11, 4, 12, 3], [12, 3, 8, 7], [8, 7, 9, 8], [9, 8, 10, 7], [10, 7, 11, 7], [11, 7, 12, 6], [12, 6, 8, 10], [8, 10, 9, 9], [9, 9, 10, 10], [10, 10, 11, 9], [11, 9, 12, 9], [12, 9, 8, 9], [8, 9, 9, 10], [9, 10, 10, 9], [10, 9, 11, 10], [11, 10, 12, 10], [12, 10, 8, 14], [8, 14, 9, 15], [9, 15, 10, 16], [10, 16, 6, 20], [6, 20, 7, 21], [7, 21, 8, 22], [8, 22, 9, 23], [9, 23, 10, 23], [10, 23, 11, 23], [11, 23, 12, 24], [12, 24, 8, 24], [8, 24, 9, 25], [9, 25, 10, 26], [10, 26, 11, 26], [11, 26, 12, 27], [12, 27, 8, 23], [8, 23, 9, 22], [9, 22, 5, 26], [5, 26, 6, 27], [6, 27, 7, 27], [7, 27, 8, 28], [8, 28, 9, 29], [9, 29, 10, 29], [10, 29, 11, 28], [11, 28, 12, 29], [12, 29, 8, 30], [8, 30, 9, 30], [9, 30, 5, 34], [5, 34, 6, 35], [6, 35, 7, 36], [7, 36, 8, 37], [8, 37, 9, 37], [9, 37, 10, 38], [10, 38, 11, 37], [11, 37, 12, 37], [12, 37, 8, 40], [8, 40, 9, 41], [9, 41, 10, 40], [10, 40, 11, 41], [11, 41, 12, 42], [12, 42, 8, 46], [8, 46, 9, 47], [9, 47, 10, 46], [10, 46, 11, 47], [11, 47, 7, 46], [7, 46, 8, 45], [8, 45, 9, 46], [9, 46, 10, 47], [10, 47, 11, 46]]}
META {"type": "geom", "shape": "tile", "group": "path", "data": [[12, 5], [11, 5], [11, 4], [10, 4], [10, 3], [9, 3], [9, 2], [10, 2], [10, 1], [11, 1], [11, 0], [12, 0], [11, 0], [11, 1], [10, 1], [10, 2], [9, 2], [9, 3], [8, 3], [9, 3], [10, 3], [10, 2], [11, 2], [11, 3], [12, 3], [12, 2], [11, 2], [11, 3], [10, 3], [10, 4], [9, 4], [9, 5], [8, 5], [9, 5], [9, 4], [10, 4], [11, 4], [11, 5], [12, 5], [12, 4], [11, 4], [11, 3], [10, 3], [11, 3], [11, 4], [12, 4], [12, 3], [11, 3], [11, 4], [10, 4], [10, 5], [9, 5], [9, 6], [8, 6], [8, 7], [9, 7], [9, 8], [10, 8], [10, 7], [11, 7], [12, 7], [12, 6], [11, 6], [11, 7], [10, 7], [10, 8], [9, 8], [9, 9], [8, 9], [8, 10], [9, 10], [9, 9], [10, 9], [10, 10], [11, 10], [11, 9], [12, 9], [11, 9], [10, 9], [9, 9], [8, 9], [9, 9], [9, 10], [10, 10], [10, 9], [11, 9], [11, 10], [12, 10], [11, 10], [11, 11], [10, 11], [10, 12], [9, 12], [9, 13], [8, 13], [8, 14], [9, 14], [9, 15], [10, 15], [10, 16], [9, 16], [9, 17], [8, 17], [8, 18], [7, 18], [7, 19], [6, 19], [6, 20], [7, 20], [7, 21], [8, 21], [8, 22], [9, 22], [9, 23], [10, 23], [11, 23], [12, 23], [12, 24], [11, 24], [10, 24], [9, 24], [8, 24], [9, 24], [9, 25], [10, 25], [10, 26], [11, 26], [12, 26], [12, 27], [11, 27], [11, 26], [10, 26], [10, 25], [9, 25], [9, 24], [8, 24], [8, 23], [9, 23], [9, 22], [8, 22], [8, 23], [7, 23], [7, 24], [6, 24], [6, 25], [5, 25], [5, 26], [6, 26], [6, 27], [7, 27], [8, 27], [8, 28], [9, 28], [9, 29], [10, 29], [11, 29], [11, 28], [12, 28], [12, 29], [11, 29], [10, 29], [9, 29], [8, 29], [8, 30], [9, 30], [8, 30], [8, 31], [7, 31], [7, 32], [6, 32], [6, 33], [5, 33], [5, 34], [6, 34], [6, 35], [7, 35], [7, 36], [8, 36], [8, 37], [9, 37], [10, 37], [10, 38], [11, 38], [11, 37], [12, 37], [11, 37], [11, 38], [10, 38], [10, 39], [9, 39], [9, 40], [8, 40], [9, 40], [9, 41], [10, 41], [10, 40], [11, 40], [11, 41], [12, 41], [12, 42], [11, 42], [11, 43], [10, 43], [10, 44], [9, 44], [9, 45], [8, 45], [8, 46], [9, 46], [9, 47], [10, 47], [10, 46], [11, 46], [11, 47], [10, 47], [9, 47], [8, 47], [7, 47], [7, 46], [8, 46], [8, 45], [9, 45], [9, 46], [10, 46], [10, 47], [11, 47], [11, 46]]}
META {"type": "geom", "shape": "line", "group": "offpath", "data": [[8, 15, 9, 16], [8, 43, 9, 44], [8, 42, 9, 43], [8, 41, 9, 42], [8, 33, 9, 32], [8, 48, 9, 48], [11, 8, 12, 8], [11, 18, 12, 19], [11, 39, 12, 39], [11, 43, 12, 44], [11, 42, 12, 43], [11, 45, 12, 45], [11, 34, 12, 33], [11, 48, 12, 48], [11, 6, 12, 7], [11, 40, 12, 40], [12, 8, 10, 8], [12, 39, 8, 42], [12, 43, 10, 42], [12, 7, 9, 7], [12, 45, 8, 41], [12, 49, 8, 48], [12, 33, 8, 33], [12, 48, 12, 49], [12, 40, 9, 38], [12, 44, 8, 43], [12, 19, 10, 17], [7, 15, 8, 15], [9, 38, 10, 39], [9, 43, 10, 43], [9, 42, 10, 41], [9, 7, 10, 6], [9, 16, 10, 15], [9, 48, 10, 49], [9, 32, 10, 33], [9, 44, 10, 45], [10, 8, 11, 8], [10, 15, 7, 15], [10, 39, 11, 39], [10, 43, 11, 43], [10, 42, 11, 42], [10, 45, 11, 45], [10, 41, 11, 40], [10, 49, 11, 48], [10, 33, 11, 34], [10, 17, 11, 18], [10, 6, 11, 6]]}
