--------------------------------------------------
--------------------------------------------------
-------------------------oo-----------------------
--------------------------------------------------
-----XXX-----oo-----------------------------------
-----------------------------------------SSS------
--------------------------------------------------
--------------------------------------------------
-----------------------------------S--------------
--------------------------------------------------
--------------H------H-------E--------------------
--------------H------H------<>----------------}---
-----{--------H------H------[]---------------HH---
XXXXXXXXXXXXXXXXXXXXXXXXXXXXXXXXXXXXXXXX-XXXXXXXXX
META {"type": "solver", "id": "pysat-gluecard41", "objective": 0}
META {"type": "geom", "shape": "path", "group": "path", "data": [[12, 5, 11, 6], [11, 6, 12, 7], [12, 7, 12, 8], [12, 8, 9, 8], [9, 8, 10, 7], [10, 7, 11, 7], [11, 7, 12, 6], [12, 6, 8, 5], [8, 5, 9, 6], [9, 6, 10, 5], [10, 5, 11, 4], [11, 4, 12, 4], [12, 4, 8, 8], [8, 8, 9, 9], [9, 9, 10, 10], [10, 10, 11, 10], [11, 10, 12, 9], [12, 9, 9, 12], [9, 12, 10, 12], [10, 12, 11, 11], [11, 11, 12, 12], [12, 12, 8, 11], [8, 11, 9, 11], [9, 11, 10, 11], [10, 11, 11, 12], [11, 12, 12, 11], [12, 11, 9, 14], [9, 14, 5, 18], [5, 18, 6, 19], [6, 19, 7, 20], [7, 20, 8, 20], [8, 20, 9, 21], [9, 21, 5, 24], [5, 24, 6, 25], [6, 25, 7, 25], [7, 25, 8, 26], [8, 26, 9, 27], [9, 27, 10, 28], [10, 28, 9, 28], [9, 28, 10, 29], [10, 29, 10, 30], [10, 30, 11, 30], [11, 30, 12, 31], [12, 31, 9, 34], [9, 34, 10, 34], [10, 34, 11, 35], [11, 35, 12, 35], [12, 35, 10, 35], [10, 35, 11, 36], [11, 36, 12, 37], [12, 37, 10, 39], [10, 39, 11, 40], [11, 40, 12, 41], [12, 41, 8, 42], [8, 42, 9, 43], [9, 43, 10, 43], [10, 43, 11, 42], [11, 42, 12, 43], [12, 43, 10, 41], [10, 41, 11, 41], [11, 41, 12, 42], [12, 42, 8, 43], [8, 43, 9, 42], [9, 42, 10, 42], [10, 42, 11, 43], [11, 43, 12, 44], [12, 44, 11, 45], [11, 45, 8, 47], [8, 47, 9, 46], [9, 46, 10, 47], [10, 47, 11, 47], [11, 47, 12, 47], [12, 47, 8, 48], [8, 48, 9, 48], [9, 48, 10, 49], [10, 49, 11, 48], [11, 48, 12, 49], [12, 49, 8, 49], [8, 49, 9, 49], [9, 49, 10, 48], [10, 48, 11, 49], [11, 49, 12, 48], [12, 48, 8, 45], [8, 45, 9, 45], [9, 45, 10, 45], [10, 45, 11, 46]]}
META {"type": "geom", "shape": "tile", "group": "path", "data": [[12, 5], [11, 5], [11, 6], [12, 6], [12, 7], [12, 8], [11, 8], [10, 8], [9, 8], [10, 8], [10, 7], [11, 7], [12, 7], [12, 6], [11, 6], [10, 6], [9, 6], [8, 6], [8, 5], [9, 5], [9, 6], [10, 6], [10, 5], [11, 5], [11, 4], [12, 4], [11, 4], [11, 5], [10, 5], [10, 6], [9, 6], [9, 7], [8, 7], [8, 8], [9, 8], [9, 9], [10, 9], [10, 10], [11, 10], [12, 10], [12, 9], [11, 9], [11, 10], [10, 10], [10, 11], [9, 11], [9, 12], [10, 12], [11, 12], [11, 11], [12, 11], [12, 12], [11, 12], [10, 12], [9, 12], [8, 12], [8, 11], [9, 11], [10, 11], [11, 11], [11, 12], [12, 12], [12, 11], [11, 11], [11, 12], [10, 12], [10, 13], [9, 13], [9, 14], [8, 14], [8, 15], [7, 15], [7, 16], [6, 16], [6, 17], [5, 17], [5, 18], [6, 18], [6, 19], [7, 19], [7, 20], [8, 20], [9, 20], [9, 21], [8, 21], [8, 22], [7, 22], [7, 23], [6, 23], [6, 24], [5, 24], [6, 24], [6, 25], [7, 25], [8, 25], [8, 26], [9, 26], [9, 27], [10, 27], [10, 28], [9, 28], [10, 28], [10, 29], [10, 30], [11, 30], [12, 30], [12, 31], [11, 31], [11, 32], [10, 32], [10, 33], [9, 33], [9, 34], [10, 34], [11, 34], [11, 35], [12, 35], [11, 35], [10, 35], [11, 35], [11, 36], [12, 36], [12, 37], [11, 37], [11, 38], [10, 38], [10, 39], [11, 39], [11, 40], [12, 40], [12, 41], [11, 41], [10, 41], [9, 41], [8, 41], [8, 42], [9, 42], [9, 43], [10, 43], [11, 43], [11, 42], [12, 42], [12, 43], [11, 43], [11, 42], [10, 42], [10, 41], [11, 41], [12, 41], [12, 42], [11, 42], [10, 42], [9, 42], [8, 42], [8, 43], [9, 43], [9, 42], [10, 42], [11, 42], [11, 43], [12, 43], [12, 44], [11, 44], [11, 45], [10, 45], [10, 46], [9, 46], [9, 47], [8, 47], [9, 47], [9, 46], [10, 46], [10, 47], [11, 47], [12, 47], [11, 47], [10, 47], [9, 47], [8, 47], [8, 48], [9, 48], [10, 48], [10, 49], [11, 49], [11, 48], [12, 48], [12, 49], [11, 49], [10, 49], [9, 49], [8, 49], [9, 49], [10, 49], [10, 48], [11, 48], [11, 49], [12, 49], [12, 48], [11, 48], [11, 47], [10, 47], [10, 46], [9, 46], [9, 45], [8, 45], [9, 45], [10, 45], [11, 45], [11, 46]]}
META {"type": "geom", "shape": "line", "group": "offpath", "data": [[2, 6, 3, 7], [2, 7, 3, 6], [9, 2, 10, 1], [9, 4, 10, 3], [1, 6, 2, 6], [1, 7, 2, 7], [8, 3, 9, 4], [8, 2, 9, 2], [12, 10, 10, 9], [12, 1, 8, 2], [12, 3, 8, 3], [12, 32, 12, 33], [12, 0, 10, 0], [12, 33, 12, 32], [10, 9, 11, 9], [10, 1, 11, 0], [10, 3, 11, 3], [10, 0, 11, 1], [11, 9, 12, 10], [11, 1, 12, 0], [11, 3, 12, 3], [11, 0, 12, 1], [3, 6, 0, 6], [3, 7, 0, 5], [0, 6, 1, 7], [0, 5, 1, 6]]}
